{
 "cells": [
  {
   "cell_type": "code",
   "execution_count": 9,
   "metadata": {},
   "outputs": [],
   "source": [
    "import pandas as pd\n",
    "import numpy as np \n",
    "import matplotlib.pyplot as plt\n",
    "\n",
    "from numpy.linalg import norm\n",
    "from scipy.spatial.distance import cosine"
   ]
  },
  {
   "cell_type": "code",
   "execution_count": 10,
   "metadata": {},
   "outputs": [],
   "source": [
    "df = pd.read_pickle(\"./loc_hf.pkl\")"
   ]
  },
  {
   "cell_type": "code",
   "execution_count": 11,
   "metadata": {},
   "outputs": [],
   "source": [
    "w_emb = df.iloc[-2].embedding\n",
    "\n",
    "dist_mat = np.zeros([len(df), len(df)])\n",
    "for i, emb0 in enumerate(df.embedding):\n",
    "    emb0 = np.array(emb0)\n",
    "    for j, emb1 in enumerate(df.embedding):\n",
    "        emb1 = np.array(emb1)\n",
    "        dist_mat[i, j] = cosine(emb0, emb1, w=np.abs(w_emb))"
   ]
  },
  {
   "cell_type": "code",
   "execution_count": 12,
   "metadata": {},
   "outputs": [
    {
     "data": {
      "application/vnd.plotly.v1+json": {
       "config": {
        "plotlyServerURL": "https://plot.ly"
       },
       "data": [
        {
         "coloraxis": "coloraxis",
         "hovertemplate": "x: %{x}<br>y: %{y}<br>color: %{z}<extra></extra>",
         "type": "heatmap",
         "x": [
          "London",
          "UK",
          "Paris",
          "Bordeaux",
          "Roma",
          "Italia",
          "Berlin",
          "München",
          "Europe",
          "New York",
          "USA",
          "America",
          "Beijing",
          "Asia",
          "Constantinople",
          "City",
          "German city",
          "French city",
          "American city",
          "Wine",
          "Is Paris a French city? "
         ],
         "y": [
          "London",
          "UK",
          "Paris",
          "Bordeaux",
          "Roma",
          "Italia",
          "Berlin",
          "München",
          "Europe",
          "New York",
          "USA",
          "America",
          "Beijing",
          "Asia",
          "Constantinople",
          "City",
          "German city",
          "French city",
          "American city",
          "Wine",
          "Is Paris a French city? "
         ],
         "z": [
          [
           0,
           0.27396987075087487,
           0.40101865788800173,
           0.5793980225274964,
           0.5043891439393369,
           0.5283883755885317,
           0.33389106814932157,
           0.5083256207515453,
           0.3315116289707628,
           0.431159825831544,
           0.5338551237437601,
           0.5325404088036967,
           0.4258469373280672,
           0.4317776318705472,
           0.43014896547076387,
           0.4309169002883516,
           0.5104675704808284,
           0.49333613484125716,
           0.45467920958860564,
           0.7158988079604989,
           0.5596346407516872
          ],
          [
           0.27396987075087487,
           0,
           0.6096159704758664,
           0.6693618911168208,
           0.6207321590366128,
           0.4479831131875751,
           0.5708686056164896,
           0.6701408316395872,
           0.2739894265905737,
           0.47631704775035066,
           0.2691456496268063,
           0.3815607586066033,
           0.5603959418493838,
           0.4067344981259988,
           0.6465857772186289,
           0.5992929262482785,
           0.6176127074609052,
           0.5856139094211472,
           0.5790284145965251,
           0.6563291002891578,
           0.7098432715342793
          ],
          [
           0.40101865788800173,
           0.6096159704758664,
           0,
           0.4892637351251057,
           0.4719420474600503,
           0.6081340010886574,
           0.38054636604086745,
           0.5198624105301095,
           0.47840813853490216,
           0.4365174866906554,
           0.5600378501298966,
           0.5601973985260587,
           0.4970182972825383,
           0.5800288425686846,
           0.4095899538314458,
           0.42151221875243916,
           0.5527762693962941,
           0.25119784706635073,
           0.4189299242956698,
           0.6228610081351831,
           0.26538660207542797
          ],
          [
           0.5793980225274964,
           0.6693618911168208,
           0.4892637351251057,
           0,
           0.3939847566733713,
           0.6195643925456318,
           0.5939947941706184,
           0.42917757587749394,
           0.6038790354361705,
           0.7252608769797619,
           0.7010209729133028,
           0.7269018460046641,
           0.6736856484347791,
           0.8084037321974371,
           0.640619784154377,
           0.5497174240289737,
           0.6051687981157337,
           0.4054183788254734,
           0.6367452884722458,
           0.42974508200620054,
           0.5477326284872504
          ],
          [
           0.5043891439393369,
           0.6207321590366128,
           0.4719420474600503,
           0.3939847566733713,
           0,
           0.3888303668752978,
           0.4702508909933252,
           0.5139639975565484,
           0.5102194138720062,
           0.5990186601896872,
           0.6470012321218812,
           0.6796544044229632,
           0.5697000050899077,
           0.6637632545348107,
           0.43148577556010126,
           0.407105248147997,
           0.6112184226093045,
           0.4956292962998652,
           0.5424396655460892,
           0.4864930591288976,
           0.6031118934849933
          ],
          [
           0.5283883755885317,
           0.4479831131875751,
           0.6081340010886574,
           0.6195643925456318,
           0.3888303668752978,
           0,
           0.49424786058307824,
           0.6367687385858636,
           0.2708950495608601,
           0.5275976378503957,
           0.40169754564044546,
           0.38274799859482,
           0.5603268630719747,
           0.4036968993848312,
           0.4816016758372532,
           0.600105220821385,
           0.6020173341135193,
           0.5680212575457719,
           0.5332491864407096,
           0.6143624418554958,
           0.6593601880193138
          ],
          [
           0.33389106814932157,
           0.5708686056164896,
           0.38054636604086745,
           0.5939947941706184,
           0.4702508909933252,
           0.49424786058307824,
           0,
           0.34047052343858963,
           0.42579603504655905,
           0.47171473729531443,
           0.5872586011930001,
           0.5934470394276279,
           0.37577806153912185,
           0.5643036891091723,
           0.4529034374895612,
           0.411513345371201,
           0.25915486827916356,
           0.44450658867831316,
           0.4226740478504091,
           0.6491970410405186,
           0.4920498575743778
          ],
          [
           0.5083256207515453,
           0.6701408316395872,
           0.5198624105301095,
           0.42917757587749394,
           0.5139639975565484,
           0.6367687385858636,
           0.34047052343858963,
           0,
           0.5636733488364366,
           0.6452026322831783,
           0.6788810949349,
           0.7120882888123801,
           0.5015371140156999,
           0.6729988938059219,
           0.5713289289203325,
           0.5130594051981494,
           0.2735985035114895,
           0.5349094008496936,
           0.5600953259869279,
           0.6725244977459364,
           0.6028092895855817
          ],
          [
           0.3315116289707628,
           0.2739894265905737,
           0.47840813853490216,
           0.6038790354361705,
           0.5102194138720062,
           0.2708950495608601,
           0.42579603504655905,
           0.5636733488364366,
           0,
           0.48341880177901764,
           0.2880831625707858,
           0.25386676738714087,
           0.5118411236091621,
           0.2335783457701336,
           0.4737519039573691,
           0.5482192744183877,
           0.5181841138926963,
           0.5089278905898308,
           0.5004273086155406,
           0.5885912709912963,
           0.6117398764316215
          ],
          [
           0.431159825831544,
           0.47631704775035066,
           0.4365174866906554,
           0.7252608769797619,
           0.5990186601896872,
           0.5275976378503957,
           0.47171473729531443,
           0.6452026322831783,
           0.48341880177901764,
           0,
           0.381911725896641,
           0.43366496111641195,
           0.510502572422445,
           0.4924740215369814,
           0.5775420250910466,
           0.4407754424414684,
           0.5576280844766175,
           0.512208168951453,
           0.381603691569943,
           0.7313732917268764,
           0.6233035389374226
          ],
          [
           0.5338551237437601,
           0.2691456496268063,
           0.5600378501298966,
           0.7010209729133028,
           0.6470012321218812,
           0.40169754564044546,
           0.5872586011930001,
           0.6788810949349,
           0.2880831625707858,
           0.381911725896641,
           0,
           0.14553382221656497,
           0.5488187283478914,
           0.3753924651691768,
           0.6535886839596863,
           0.572487784656186,
           0.6423271941373916,
           0.5730933151265771,
           0.4713229851435643,
           0.6488120835736748,
           0.7113081047051661
          ],
          [
           0.5325404088036967,
           0.3815607586066033,
           0.5601973985260587,
           0.7269018460046641,
           0.6796544044229632,
           0.38274799859482,
           0.5934470394276279,
           0.7120882888123801,
           0.25386676738714087,
           0.43366496111641195,
           0.14553382221656497,
           0,
           0.5735843702425292,
           0.29965178153934413,
           0.5951056418681959,
           0.5803023820564503,
           0.6804864344495757,
           0.622398189158587,
           0.4381594655537364,
           0.6340560943817113,
           0.7405263837912357
          ],
          [
           0.4258469373280672,
           0.5603959418493838,
           0.4970182972825383,
           0.6736856484347791,
           0.5697000050899077,
           0.5603268630719747,
           0.37577806153912185,
           0.5015371140156999,
           0.5118411236091621,
           0.510502572422445,
           0.5488187283478914,
           0.5735843702425292,
           0,
           0.45979095718811225,
           0.4965232470126718,
           0.42696247099296136,
           0.5514182626241553,
           0.5209284549488697,
           0.4378953625442944,
           0.7529067358513883,
           0.5712098538086495
          ],
          [
           0.4317776318705472,
           0.4067344981259988,
           0.5800288425686846,
           0.8084037321974371,
           0.6637632545348107,
           0.4036968993848312,
           0.5643036891091723,
           0.6729988938059219,
           0.2335783457701336,
           0.4924740215369814,
           0.3753924651691768,
           0.29965178153934413,
           0.45979095718811225,
           0,
           0.5208608739463696,
           0.5760514989213728,
           0.6540326531185927,
           0.6459806717947838,
           0.5243432590812377,
           0.716154548387606,
           0.7442381652539496
          ],
          [
           0.43014896547076387,
           0.6465857772186289,
           0.4095899538314458,
           0.640619784154377,
           0.43148577556010126,
           0.4816016758372532,
           0.4529034374895612,
           0.5713289289203325,
           0.4737519039573691,
           0.5775420250910466,
           0.6535886839596863,
           0.5951056418681959,
           0.4965232470126718,
           0.5208608739463696,
           0,
           0.44090586080840977,
           0.5605566216269414,
           0.5343469966470572,
           0.48841311497189654,
           0.7006008153706639,
           0.5321955288307036
          ],
          [
           0.4309169002883516,
           0.5992929262482785,
           0.42151221875243916,
           0.5497174240289737,
           0.407105248147997,
           0.600105220821385,
           0.411513345371201,
           0.5130594051981494,
           0.5482192744183877,
           0.4407754424414684,
           0.572487784656186,
           0.5803023820564503,
           0.42696247099296136,
           0.5760514989213728,
           0.44090586080840977,
           0,
           0.44336223504095085,
           0.3895677289296995,
           0.21521133456084673,
           0.6525216266502797,
           0.5216021759002687
          ],
          [
           0.5104675704808284,
           0.6176127074609052,
           0.5527762693962941,
           0.6051687981157337,
           0.6112184226093045,
           0.6020173341135193,
           0.25915486827916356,
           0.2735985035114895,
           0.5181841138926963,
           0.5576280844766175,
           0.6423271941373916,
           0.6804864344495757,
           0.5514182626241553,
           0.6540326531185927,
           0.5605566216269414,
           0.44336223504095085,
           0,
           0.4190530777676229,
           0.4468669627317038,
           0.7060570006839593,
           0.5523209524037997
          ],
          [
           0.49333613484125716,
           0.5856139094211472,
           0.25119784706635073,
           0.4054183788254734,
           0.4956292962998652,
           0.5680212575457719,
           0.44450658867831316,
           0.5349094008496936,
           0.5089278905898308,
           0.512208168951453,
           0.5730933151265771,
           0.622398189158587,
           0.5209284549488697,
           0.6459806717947838,
           0.5343469966470572,
           0.3895677289296995,
           0.4190530777676229,
           0,
           0.37609570714564644,
           0.6207703902077947,
           0.21215133960387078
          ],
          [
           0.45467920958860564,
           0.5790284145965251,
           0.4189299242956698,
           0.6367452884722458,
           0.5424396655460892,
           0.5332491864407096,
           0.4226740478504091,
           0.5600953259869279,
           0.5004273086155406,
           0.381603691569943,
           0.4713229851435643,
           0.4381594655537364,
           0.4378953625442944,
           0.5243432590812377,
           0.48841311497189654,
           0.21521133456084673,
           0.4468669627317038,
           0.37609570714564644,
           0,
           0.7088299399339295,
           0.5078281618086097
          ],
          [
           0.7158988079604989,
           0.6563291002891578,
           0.6228610081351831,
           0.42974508200620054,
           0.4864930591288976,
           0.6143624418554958,
           0.6491970410405186,
           0.6725244977459364,
           0.5885912709912963,
           0.7313732917268764,
           0.6488120835736748,
           0.6340560943817113,
           0.7529067358513883,
           0.716154548387606,
           0.7006008153706639,
           0.6525216266502797,
           0.7060570006839593,
           0.6207703902077947,
           0.7088299399339295,
           0,
           0.776314812934731
          ],
          [
           0.5596346407516872,
           0.7098432715342793,
           0.26538660207542797,
           0.5477326284872504,
           0.6031118934849933,
           0.6593601880193138,
           0.4920498575743778,
           0.6028092895855817,
           0.6117398764316215,
           0.6233035389374226,
           0.7113081047051661,
           0.7405263837912357,
           0.5712098538086495,
           0.7442381652539496,
           0.5321955288307036,
           0.5216021759002687,
           0.5523209524037997,
           0.21215133960387078,
           0.5078281618086097,
           0.776314812934731,
           0
          ]
         ]
        }
       ],
       "layout": {
        "coloraxis": {
         "colorscale": [
          [
           0,
           "rgb(103,0,31)"
          ],
          [
           0.1,
           "rgb(178,24,43)"
          ],
          [
           0.2,
           "rgb(214,96,77)"
          ],
          [
           0.3,
           "rgb(244,165,130)"
          ],
          [
           0.4,
           "rgb(253,219,199)"
          ],
          [
           0.5,
           "rgb(247,247,247)"
          ],
          [
           0.6,
           "rgb(209,229,240)"
          ],
          [
           0.7,
           "rgb(146,197,222)"
          ],
          [
           0.8,
           "rgb(67,147,195)"
          ],
          [
           0.9,
           "rgb(33,102,172)"
          ],
          [
           1,
           "rgb(5,48,97)"
          ]
         ]
        },
        "margin": {
         "t": 60
        },
        "template": {
         "data": {
          "bar": [
           {
            "error_x": {
             "color": "#2a3f5f"
            },
            "error_y": {
             "color": "#2a3f5f"
            },
            "marker": {
             "line": {
              "color": "#E5ECF6",
              "width": 0.5
             }
            },
            "type": "bar"
           }
          ],
          "barpolar": [
           {
            "marker": {
             "line": {
              "color": "#E5ECF6",
              "width": 0.5
             }
            },
            "type": "barpolar"
           }
          ],
          "carpet": [
           {
            "aaxis": {
             "endlinecolor": "#2a3f5f",
             "gridcolor": "white",
             "linecolor": "white",
             "minorgridcolor": "white",
             "startlinecolor": "#2a3f5f"
            },
            "baxis": {
             "endlinecolor": "#2a3f5f",
             "gridcolor": "white",
             "linecolor": "white",
             "minorgridcolor": "white",
             "startlinecolor": "#2a3f5f"
            },
            "type": "carpet"
           }
          ],
          "choropleth": [
           {
            "colorbar": {
             "outlinewidth": 0,
             "ticks": ""
            },
            "type": "choropleth"
           }
          ],
          "contour": [
           {
            "colorbar": {
             "outlinewidth": 0,
             "ticks": ""
            },
            "colorscale": [
             [
              0,
              "#0d0887"
             ],
             [
              0.1111111111111111,
              "#46039f"
             ],
             [
              0.2222222222222222,
              "#7201a8"
             ],
             [
              0.3333333333333333,
              "#9c179e"
             ],
             [
              0.4444444444444444,
              "#bd3786"
             ],
             [
              0.5555555555555556,
              "#d8576b"
             ],
             [
              0.6666666666666666,
              "#ed7953"
             ],
             [
              0.7777777777777778,
              "#fb9f3a"
             ],
             [
              0.8888888888888888,
              "#fdca26"
             ],
             [
              1,
              "#f0f921"
             ]
            ],
            "type": "contour"
           }
          ],
          "contourcarpet": [
           {
            "colorbar": {
             "outlinewidth": 0,
             "ticks": ""
            },
            "type": "contourcarpet"
           }
          ],
          "heatmap": [
           {
            "colorbar": {
             "outlinewidth": 0,
             "ticks": ""
            },
            "colorscale": [
             [
              0,
              "#0d0887"
             ],
             [
              0.1111111111111111,
              "#46039f"
             ],
             [
              0.2222222222222222,
              "#7201a8"
             ],
             [
              0.3333333333333333,
              "#9c179e"
             ],
             [
              0.4444444444444444,
              "#bd3786"
             ],
             [
              0.5555555555555556,
              "#d8576b"
             ],
             [
              0.6666666666666666,
              "#ed7953"
             ],
             [
              0.7777777777777778,
              "#fb9f3a"
             ],
             [
              0.8888888888888888,
              "#fdca26"
             ],
             [
              1,
              "#f0f921"
             ]
            ],
            "type": "heatmap"
           }
          ],
          "heatmapgl": [
           {
            "colorbar": {
             "outlinewidth": 0,
             "ticks": ""
            },
            "colorscale": [
             [
              0,
              "#0d0887"
             ],
             [
              0.1111111111111111,
              "#46039f"
             ],
             [
              0.2222222222222222,
              "#7201a8"
             ],
             [
              0.3333333333333333,
              "#9c179e"
             ],
             [
              0.4444444444444444,
              "#bd3786"
             ],
             [
              0.5555555555555556,
              "#d8576b"
             ],
             [
              0.6666666666666666,
              "#ed7953"
             ],
             [
              0.7777777777777778,
              "#fb9f3a"
             ],
             [
              0.8888888888888888,
              "#fdca26"
             ],
             [
              1,
              "#f0f921"
             ]
            ],
            "type": "heatmapgl"
           }
          ],
          "histogram": [
           {
            "marker": {
             "colorbar": {
              "outlinewidth": 0,
              "ticks": ""
             }
            },
            "type": "histogram"
           }
          ],
          "histogram2d": [
           {
            "colorbar": {
             "outlinewidth": 0,
             "ticks": ""
            },
            "colorscale": [
             [
              0,
              "#0d0887"
             ],
             [
              0.1111111111111111,
              "#46039f"
             ],
             [
              0.2222222222222222,
              "#7201a8"
             ],
             [
              0.3333333333333333,
              "#9c179e"
             ],
             [
              0.4444444444444444,
              "#bd3786"
             ],
             [
              0.5555555555555556,
              "#d8576b"
             ],
             [
              0.6666666666666666,
              "#ed7953"
             ],
             [
              0.7777777777777778,
              "#fb9f3a"
             ],
             [
              0.8888888888888888,
              "#fdca26"
             ],
             [
              1,
              "#f0f921"
             ]
            ],
            "type": "histogram2d"
           }
          ],
          "histogram2dcontour": [
           {
            "colorbar": {
             "outlinewidth": 0,
             "ticks": ""
            },
            "colorscale": [
             [
              0,
              "#0d0887"
             ],
             [
              0.1111111111111111,
              "#46039f"
             ],
             [
              0.2222222222222222,
              "#7201a8"
             ],
             [
              0.3333333333333333,
              "#9c179e"
             ],
             [
              0.4444444444444444,
              "#bd3786"
             ],
             [
              0.5555555555555556,
              "#d8576b"
             ],
             [
              0.6666666666666666,
              "#ed7953"
             ],
             [
              0.7777777777777778,
              "#fb9f3a"
             ],
             [
              0.8888888888888888,
              "#fdca26"
             ],
             [
              1,
              "#f0f921"
             ]
            ],
            "type": "histogram2dcontour"
           }
          ],
          "mesh3d": [
           {
            "colorbar": {
             "outlinewidth": 0,
             "ticks": ""
            },
            "type": "mesh3d"
           }
          ],
          "parcoords": [
           {
            "line": {
             "colorbar": {
              "outlinewidth": 0,
              "ticks": ""
             }
            },
            "type": "parcoords"
           }
          ],
          "pie": [
           {
            "automargin": true,
            "type": "pie"
           }
          ],
          "scatter": [
           {
            "marker": {
             "colorbar": {
              "outlinewidth": 0,
              "ticks": ""
             }
            },
            "type": "scatter"
           }
          ],
          "scatter3d": [
           {
            "line": {
             "colorbar": {
              "outlinewidth": 0,
              "ticks": ""
             }
            },
            "marker": {
             "colorbar": {
              "outlinewidth": 0,
              "ticks": ""
             }
            },
            "type": "scatter3d"
           }
          ],
          "scattercarpet": [
           {
            "marker": {
             "colorbar": {
              "outlinewidth": 0,
              "ticks": ""
             }
            },
            "type": "scattercarpet"
           }
          ],
          "scattergeo": [
           {
            "marker": {
             "colorbar": {
              "outlinewidth": 0,
              "ticks": ""
             }
            },
            "type": "scattergeo"
           }
          ],
          "scattergl": [
           {
            "marker": {
             "colorbar": {
              "outlinewidth": 0,
              "ticks": ""
             }
            },
            "type": "scattergl"
           }
          ],
          "scattermapbox": [
           {
            "marker": {
             "colorbar": {
              "outlinewidth": 0,
              "ticks": ""
             }
            },
            "type": "scattermapbox"
           }
          ],
          "scatterpolar": [
           {
            "marker": {
             "colorbar": {
              "outlinewidth": 0,
              "ticks": ""
             }
            },
            "type": "scatterpolar"
           }
          ],
          "scatterpolargl": [
           {
            "marker": {
             "colorbar": {
              "outlinewidth": 0,
              "ticks": ""
             }
            },
            "type": "scatterpolargl"
           }
          ],
          "scatterternary": [
           {
            "marker": {
             "colorbar": {
              "outlinewidth": 0,
              "ticks": ""
             }
            },
            "type": "scatterternary"
           }
          ],
          "surface": [
           {
            "colorbar": {
             "outlinewidth": 0,
             "ticks": ""
            },
            "colorscale": [
             [
              0,
              "#0d0887"
             ],
             [
              0.1111111111111111,
              "#46039f"
             ],
             [
              0.2222222222222222,
              "#7201a8"
             ],
             [
              0.3333333333333333,
              "#9c179e"
             ],
             [
              0.4444444444444444,
              "#bd3786"
             ],
             [
              0.5555555555555556,
              "#d8576b"
             ],
             [
              0.6666666666666666,
              "#ed7953"
             ],
             [
              0.7777777777777778,
              "#fb9f3a"
             ],
             [
              0.8888888888888888,
              "#fdca26"
             ],
             [
              1,
              "#f0f921"
             ]
            ],
            "type": "surface"
           }
          ],
          "table": [
           {
            "cells": {
             "fill": {
              "color": "#EBF0F8"
             },
             "line": {
              "color": "white"
             }
            },
            "header": {
             "fill": {
              "color": "#C8D4E3"
             },
             "line": {
              "color": "white"
             }
            },
            "type": "table"
           }
          ]
         },
         "layout": {
          "annotationdefaults": {
           "arrowcolor": "#2a3f5f",
           "arrowhead": 0,
           "arrowwidth": 1
          },
          "coloraxis": {
           "colorbar": {
            "outlinewidth": 0,
            "ticks": ""
           }
          },
          "colorscale": {
           "diverging": [
            [
             0,
             "#8e0152"
            ],
            [
             0.1,
             "#c51b7d"
            ],
            [
             0.2,
             "#de77ae"
            ],
            [
             0.3,
             "#f1b6da"
            ],
            [
             0.4,
             "#fde0ef"
            ],
            [
             0.5,
             "#f7f7f7"
            ],
            [
             0.6,
             "#e6f5d0"
            ],
            [
             0.7,
             "#b8e186"
            ],
            [
             0.8,
             "#7fbc41"
            ],
            [
             0.9,
             "#4d9221"
            ],
            [
             1,
             "#276419"
            ]
           ],
           "sequential": [
            [
             0,
             "#0d0887"
            ],
            [
             0.1111111111111111,
             "#46039f"
            ],
            [
             0.2222222222222222,
             "#7201a8"
            ],
            [
             0.3333333333333333,
             "#9c179e"
            ],
            [
             0.4444444444444444,
             "#bd3786"
            ],
            [
             0.5555555555555556,
             "#d8576b"
            ],
            [
             0.6666666666666666,
             "#ed7953"
            ],
            [
             0.7777777777777778,
             "#fb9f3a"
            ],
            [
             0.8888888888888888,
             "#fdca26"
            ],
            [
             1,
             "#f0f921"
            ]
           ],
           "sequentialminus": [
            [
             0,
             "#0d0887"
            ],
            [
             0.1111111111111111,
             "#46039f"
            ],
            [
             0.2222222222222222,
             "#7201a8"
            ],
            [
             0.3333333333333333,
             "#9c179e"
            ],
            [
             0.4444444444444444,
             "#bd3786"
            ],
            [
             0.5555555555555556,
             "#d8576b"
            ],
            [
             0.6666666666666666,
             "#ed7953"
            ],
            [
             0.7777777777777778,
             "#fb9f3a"
            ],
            [
             0.8888888888888888,
             "#fdca26"
            ],
            [
             1,
             "#f0f921"
            ]
           ]
          },
          "colorway": [
           "#636efa",
           "#EF553B",
           "#00cc96",
           "#ab63fa",
           "#FFA15A",
           "#19d3f3",
           "#FF6692",
           "#B6E880",
           "#FF97FF",
           "#FECB52"
          ],
          "font": {
           "color": "#2a3f5f"
          },
          "geo": {
           "bgcolor": "white",
           "lakecolor": "white",
           "landcolor": "#E5ECF6",
           "showlakes": true,
           "showland": true,
           "subunitcolor": "white"
          },
          "hoverlabel": {
           "align": "left"
          },
          "hovermode": "closest",
          "mapbox": {
           "style": "light"
          },
          "paper_bgcolor": "white",
          "plot_bgcolor": "#E5ECF6",
          "polar": {
           "angularaxis": {
            "gridcolor": "white",
            "linecolor": "white",
            "ticks": ""
           },
           "bgcolor": "#E5ECF6",
           "radialaxis": {
            "gridcolor": "white",
            "linecolor": "white",
            "ticks": ""
           }
          },
          "scene": {
           "xaxis": {
            "backgroundcolor": "#E5ECF6",
            "gridcolor": "white",
            "gridwidth": 2,
            "linecolor": "white",
            "showbackground": true,
            "ticks": "",
            "zerolinecolor": "white"
           },
           "yaxis": {
            "backgroundcolor": "#E5ECF6",
            "gridcolor": "white",
            "gridwidth": 2,
            "linecolor": "white",
            "showbackground": true,
            "ticks": "",
            "zerolinecolor": "white"
           },
           "zaxis": {
            "backgroundcolor": "#E5ECF6",
            "gridcolor": "white",
            "gridwidth": 2,
            "linecolor": "white",
            "showbackground": true,
            "ticks": "",
            "zerolinecolor": "white"
           }
          },
          "shapedefaults": {
           "line": {
            "color": "#2a3f5f"
           }
          },
          "ternary": {
           "aaxis": {
            "gridcolor": "white",
            "linecolor": "white",
            "ticks": ""
           },
           "baxis": {
            "gridcolor": "white",
            "linecolor": "white",
            "ticks": ""
           },
           "bgcolor": "#E5ECF6",
           "caxis": {
            "gridcolor": "white",
            "linecolor": "white",
            "ticks": ""
           }
          },
          "title": {
           "x": 0.05
          },
          "xaxis": {
           "automargin": true,
           "gridcolor": "white",
           "linecolor": "white",
           "ticks": "",
           "title": {
            "standoff": 15
           },
           "zerolinecolor": "white",
           "zerolinewidth": 2
          },
          "yaxis": {
           "automargin": true,
           "gridcolor": "white",
           "linecolor": "white",
           "ticks": "",
           "title": {
            "standoff": 15
           },
           "zerolinecolor": "white",
           "zerolinewidth": 2
          }
         }
        },
        "xaxis": {
         "constrain": "domain",
         "scaleanchor": "y"
        },
        "yaxis": {
         "autorange": "reversed",
         "constrain": "domain"
        }
       }
      },
      "text/html": [
       "<div>\n",
       "        \n",
       "        \n",
       "            <div id=\"2626ce92-8d10-4ed5-acd1-898c0997c533\" class=\"plotly-graph-div\" style=\"height:525px; width:100%;\"></div>\n",
       "            <script type=\"text/javascript\">\n",
       "                require([\"plotly\"], function(Plotly) {\n",
       "                    window.PLOTLYENV=window.PLOTLYENV || {};\n",
       "                    \n",
       "                if (document.getElementById(\"2626ce92-8d10-4ed5-acd1-898c0997c533\")) {\n",
       "                    Plotly.newPlot(\n",
       "                        '2626ce92-8d10-4ed5-acd1-898c0997c533',\n",
